0.02000055054
0.04000110108
0.06000165163
0.08000220217
0.1000027527
0.1200033033
0.1400038538
0.1600044043
0.1800049549
0.2000055054
0.220006056
0.260007157
0.2800077076
0.3200088087
0.3600099098
0.4000110108
0.4600126625
0.5000137636
0.5800159657
0.6400176174
0.7200198195
0.8200225722
0.9200253249
1.020028078
1.160031931
1.300035785
1.46004019
1.640045144
1.8600512
2.080057256
2.340064413
2.640072672
2.980082031
3.360092491
3.780104052
4.240116715
4.78013158
5.380148096
6.060166814
6.840188285
7.700211959
8.660238385
9.760268665
11.0003028
12.38034079
13.94038373
15.70043218
17.68048668
19.92054834
22.44061771
25.28069589
28.48078397
32.06088252
36.12099428
40.6811198
45.82126129
51.62142095
58.14160043
65.48180248
73.7620304
83.08228695
93.58257599
105.4229019
118.7432686
133.7436815
150.6441467
169.6846708
191.1452615
215.3059266
242.5066753
273.1675193
307.6884695
346.5695398
390.390746
439.7321042
495.3136342
557.9153574
628.417298
707.8594848
797.3219474
898.1047215
1011.627846
1139.491366
1283.51533
1445.759796
1628.484826
1834.330492
2066.196875
2327.344063
2621.512161
