0.02162730402
0.01825195964
0.01581079923
0.01313130191
0.01069351502
0.00895485326
0.007901132584
0.007273065099
0.006874531316
0.006578415205
0.006300524796
0.005704717036
0.005418100549
0.005006237278
0.004734482166
0.004496180229
0.004157348298
0.003967405684
0.003687246106
0.003511430318
0.003311462115
0.003116617696
0.002955980092
0.002824929791
0.002675074332
0.00254743206
0.002425418403
0.002308518583
0.002191581179
0.002090312423
0.001991551816
0.001896977923
0.001809051931
0.00173156864
0.001666202194
0.00161368749
0.001572257653
0.001548064081
0.001537525834
0.001538022942
0.0015505294
0.001579793364
0.001627953166
0.001695290097
0.001781592256
0.001893411844
0.002030864581
0.002193861015
0.002385829202
0.002607377643
0.002863037072
0.003152690608
0.003474597269
0.003833828112
0.004228417971
0.00466327948
0.005143560267
0.00567149756
0.006254180177
0.006899252697
0.007612594001
0.008402138003
0.009274760643
0.01023315699
0.01128050327
0.01240456014
0.01354653402
0.01462877099
0.01553021795
0.01609121832
0.01616951185
0.01581267202
0.0151452747
0.01418110741
0.01303236641
0.01185794084
0.01078541628
0.009850479988
0.009055344824
0.008413579313
0.007977591708
0.007804366648
0.007888792028
0.008149352041
0.008649309836
0.009265630592
0.01015944054
0.01126721924
0.01261217209
0.01484478128
