0.0261801072
0.01835820917
0.01494835896
0.01292854107
0.011554942
0.01054325489
0.009758207139
0.009126143998
0.008603081451
0.00816091942
0.007780754287
0.007157078313
0.006896827832
0.006451798784
0.006083407133
0.005771928267
0.005383501558
0.005164487286
0.004796738186
0.004567596516
0.00430799104
0.004038736708
0.003814834009
0.003624854653
0.003401544118
0.003215525173
0.003036789645
0.002868045377
0.00269627618
0.00255273026
0.002410132685
0.002272774192
0.002143171976
0.002022555004
0.001911292745
0.001809222605
0.001709063144
0.001616316164
0.001528706167
0.001445181573
0.001368659786
0.001297545673
0.001229836423
0.001166591852
0.001108287794
0.001053742345
0.001002942632
0.0009558802373
0.000912173977
0.0008719608719
0.0008350471717
0.0008013434255
0.0007709595521
0.0007434103822
0.0007189256866
0.0006973552934
0.0006786509741
0.0006628515827
0.0006498989882
0.0006397564755
0.0006324395541
0.0006279327866
0.0006262341109
0.0006273451526
0.0006312617673
0.0006379892791
0.0006475352603
0.0006599163064
0.0006751329558
0.0006932026102
0.0007141764414
0.0007380681653
0.0007649322251
0.0007948467133
0.0008278541271
0.0008640520424
0.0009035326188
0.000946403187
0.000992813912
0.00104287885
0.001096772732
0.001154663042
0.001216734248
0.001283196046
0.001354279483
0.001430208483
0.001511263373
0.001597715254
0.001689853994
0.001788013625
