379.1304158
252.4726902
201.7148158
172.7407319
153.4483278
139.4323509
128.66026
120.048794
112.9612407
106.9957737
101.8846992
93.53350998
90.06033753
84.13598911
79.24507398
75.11839356
69.98243261
67.09109101
62.24284966
59.22570739
55.81044808
52.27107869
49.3295717
46.83458971
43.90241652
41.4599203
39.11264292
36.89577252
34.63784186
32.74942428
30.87164635
29.0605795
27.34912108
25.7533543
24.27815384
22.92146028
21.58626606
20.34561417
19.16899068
18.04196041
17.00379289
16.03297411
15.10190683
14.22479163
13.40816499
12.63534645
11.90581004
11.21912923
10.56934944
9.958071805
9.381946577
8.839085737
8.330911029
7.848711679
7.395728462
6.968581746
6.56545755
6.186433809
5.829477989
5.492656713
5.175556795
4.876752327
4.594977838
4.329887368
4.080228389
3.84501396
3.623454208
3.414719788
3.218338816
3.033619622
2.859736324
2.69634417
2.542872865
2.398792682
2.263872343
2.137743971
2.020209562
1.911158935
1.810539338
1.7185584
1.635497084
1.56188562
1.498482125
1.446295562
1.406609851
1.380982118
1.371167818
1.379065646
1.406592257
1.455595112
