0.03718770766
0.01859424808
0.01239687665
0.009298695334
0.007440324437
0.006201970559
0.005318007742
0.004655622739
0.004141030084
0.003729958114
0.003394233514
0.002879474362
0.002678146714
0.002352757885
0.002101997407
0.001903708232
0.001675125963
0.001556016923
0.001373413624
0.001271781623
0.001169344505
0.001079213857
0.00101848479
0.0009783567581
0.0009460590733
0.0009325778816
0.0009320421221
0.0009434197298
0.0009675588718
0.000998030032
0.001038221019
0.001087051483
0.001143159781
0.00120520957
0.001272035792
0.001342685106
0.001422166241
0.001506347802
0.001597004604
0.001695529227
0.001798307197
0.001906832151
0.002024344682
0.002149411648
0.002280833117
0.002421118852
0.002570541459
0.002729247885
0.002898762063
0.003078823911
0.003270471553
0.00347445722
0.00369013428
0.003921368402
0.004166959755
0.004428863675
0.004708576901
0.005006341976
0.005323990807
0.005663753661
0.006026630813
0.006414853408
0.006830912918
0.007276198443
0.00775375457
0.008266745863
0.008818453774
0.009412827478
0.01005334988
0.01074468076
0.01149297185
0.01230336005
0.01318290647
0.01413993971
0.01518230653
0.01632040148
0.01756537334
0.01892994863
0.02042952342
0.02207985147
0.02390041941
0.02591252649
0.02814037269
0.03061171867
0.03335818154
0.03641454034
0.03982173071
0.04362478851
0.04787449625
0.05262929015
