317.8415229
223.3137872
181.1169761
156.6775428
140.4388469
128.5200517
119.4021512
112.5876937
106.9355559
102.040932
97.89328124
91.00801917
88.11198306
82.87960112
78.48609479
74.83731758
70.19700967
67.48701546
62.90126925
59.96597766
56.63190762
53.15989035
50.259045
47.74160899
44.94383626
42.57534073
40.22862385
37.98141463
35.72485532
33.89814754
31.71054519
29.56386799
27.50532997
25.60799782
23.64709637
22.02917869
20.56442765
19.36586566
18.13222499
16.96383378
16.03731722
14.95573376
13.82626298
12.79075043
12.0689062
11.48276032
10.80180676
10.26418493
9.657829764
8.999339432
8.533085318
7.913981423
7.251096371
6.764258784
6.408035093
6.010783036
5.669362905
5.326147075
4.986757146
4.700312434
4.338928706
4.036430125
3.861497901
3.784469035
3.780225815
3.771342846
3.730899819
3.78215041
3.662476138
3.438736177
3.092674246
2.791670775
2.510640551
2.183433254
2.024628176
1.869283856
1.662856865
1.483266256
1.308961257
1.138435558
0.9830595455
0.9048904087
0.8985470848
0.9037956691
0.9429948565
0.9882748991
1.044549975
1.160849454
1.31501397
1.320815642
