0.00282487727
0.002004677104
0.001654645692
0.001441258047
0.001295159905
0.001187841235
0.001105897425
0.001039656847
0.0009854230429
0.0009376589004
0.0008968684952
0.0008293614586
0.0007972646471
0.0007420220061
0.0006983895972
0.0006626670579
0.0006198052425
0.0005963787076
0.0005606678276
0.0005404006856
0.0005162081552
0.0004915169369
0.0004710746486
0.0004543922439
0.000436091111
0.0004232169503
0.0004135519475
0.0004081407241
0.0004084673429
0.0004136365019
0.0004243716461
0.0004413570646
0.0004649682981
0.0004952442598
0.0005324123159
0.0005761723993
0.0006305268591
0.0006936357433
0.0007672420964
0.0008534104383
0.0009495590466
0.001057731036
0.001182167687
0.001322661849
0.001478886059
0.001654956385
0.001852548685
0.002073049426
0.002320027935
0.002594622244
0.002899987031
0.003239021343
0.003612194877
0.004028097431
0.004486594897
0.004993540484
0.005554966283
0.006175441844
0.006863708424
0.007629855826
0.008480785419
0.009424824864
0.01046916742
0.01161605571
0.01286991442
0.01422483285
0.01563704156
0.01703244813
0.01828976343
0.01924144933
0.01971442308
0.01966498548
0.0191749771
0.01824895431
0.01700831688
0.01561248841
0.01419237289
0.01283197116
0.0115650989
0.01044999132
0.009489151814
0.008654284719
0.00793032405
0.00731098868
0.006807924884
0.006397154238
0.006077161481
0.005905467331
0.005886170958
0.006126332766
