0.04307286534
0.02311449869
0.01639584529
0.01299564469
0.01092791096
0.009529672004
0.008516207843
0.007744783765
0.007135853959
0.006641519899
0.006231179577
0.005586762065
0.005328206636
0.004899875235
0.004558234114
0.004278339585
0.003940640813
0.003755732281
0.003454167407
0.003271969798
0.003070972348
0.002868844003
0.002705999927
0.002571883744
0.002419534066
0.00229759811
0.002185411093
0.002084792283
0.001988756769
0.001914524181
0.001847446851
0.001790539256
0.001745388582
0.001712531416
0.001691785891
0.001682512422
0.001684313481
0.001697476604
0.001721993804
0.001758337289
0.001804797522
0.001861338009
0.00192936273
0.00200780532
0.002095415025
0.00219342086
0.002301681743
0.002419960604
0.002549081024
0.002688550076
0.00283888014
0.003000388094
0.003172285256
0.003357390433
0.003554481184
0.003764847038
0.00398939295
0.004227989245
0.004481745421
0.004752035218
0.005039189135
0.005344439997
0.005669124748
0.006013611108
0.006379427347
0.006768027174
0.007180763892
0.007619271191
0.008084592721
0.008578358934
0.009102919602
0.009659521366
0.01025032332
0.01087781894
0.01154362525
0.01225038731
0.01300050246
0.01379654936
0.01464178272
0.01553869151
0.01649077116
0.01750129351
0.01857375299
0.01971200971
0.02092022218
0.02220237081
0.02356333804
0.02500780108
0.02654071179
0.02816771948
