345.2816479
239.6195607
195.2772862
168.9888783
151.1368548
137.7724509
127.5500841
119.2407594
112.4411297
106.6987757
101.8376514
93.86296659
90.39851512
84.46383877
79.4140818
75.1155295
69.56544661
66.49015731
61.49882989
58.33777187
54.96484255
51.47200149
48.64058283
46.22017555
43.44187568
41.29785333
39.19030173
37.10939721
35.2005324
33.61931826
31.91864289
30.03997861
28.13399723
26.41257894
24.47464692
22.9016425
21.5486097
20.49595142
19.33110984
18.38508029
17.6921617
16.87350079
16.0103522
15.38324933
15.12231304
14.97524827
14.66856269
14.51614347
14.39123754
14.30174199
14.34388569
14.38854112
14.52533933
14.72943988
14.90440702
15.04094618
15.114047
15.05170376
14.81222673
14.49923919
14.13058972
13.71166442
13.30931717
12.93053095
12.55946987
11.95671273
11.24565811
10.64854295
10.08960861
9.70883186
9.785569477
9.978436449
10.10819942
10.1884144
9.999829319
9.459942442
8.69251626
7.759978883
6.60217668
5.716479634
5.153573215
5.002265778
4.965370289
4.978292191
5.088955927
5.247636671
4.791020886
4.147627537
4.008646651
4.78296321
