327.1834154
223.5192779
180.3200724
155.2080148
138.3079084
125.943267
116.3927143
108.729196
102.4035193
97.0669589
92.48604828
84.98461407
81.85906029
76.5201819
72.10579649
68.37661814
63.72982377
61.11127665
56.71649596
53.97916031
50.87853362
47.66300183
44.98899728
42.71980937
40.05177157
37.82834311
35.69081923
33.67138986
31.61393558
29.89273129
28.18083686
26.52941448
24.96852619
23.51290919
22.1670743
20.92919828
19.71080201
18.57856414
17.50466529
16.47595029
15.52828284
14.64204328
13.79205168
12.99128289
12.24571524
11.54012899
10.8740518
10.2471016
9.653848707
9.09576168
8.569788879
8.07421348
7.610340209
7.170225461
6.756836049
6.367097218
5.999365219
5.653723859
5.328333991
5.02145073
4.732718069
4.460861279
4.204757378
3.964124518
3.737863241
3.525123786
3.325244057
3.137536794
2.961647084
2.797033539
2.643050396
2.499493414
2.36597153
2.242144885
2.12794105
2.023174678
1.927801656
1.841834477
1.765302635
1.698383235
1.641224878
1.594041219
1.557050798
1.530454321
1.514420585
1.509068877
1.514446035
1.530529754
1.557225636
1.594391929
