0.02307151991
0.01672270662
0.01354527185
0.01175054648
0.01061878803
0.009854978221
0.009252431766
0.008749134714
0.008302946759
0.007930497637
0.007599750998
0.007035774501
0.006789896749
0.006350088747
0.005976196589
0.005656068729
0.005257189071
0.005034781945
0.004674448622
0.004458226495
0.004215992189
0.003963288705
0.00375181824
0.003572967434
0.003356594047
0.003172451687
0.002993882839
0.002826617685
0.002658952798
0.00251711431
0.002377966673
0.002245778558
0.002118709855
0.002000801897
0.00189115094
0.001790942374
0.001691057033
0.001597587723
0.001509390623
0.001421548467
0.001342007966
0.001263342431
0.001188722511
0.001125365168
0.001068214747
0.001018827832
0.0009687996629
0.0009277984147
0.0008956959908
0.0008618060919
0.0008324230204
0.0008070706819
0.000790238472
0.0007766217059
0.0007602736967
0.0007502731429
0.0007425348759
0.0007409315346
0.0007405391812
0.0007407611651
0.0007429389761
0.000744775733
0.0007473698973
0.0007451823295
0.0007405999699
0.0007328446532
0.0007196438074
0.0007081131522
0.0007009053003
0.0007041510119
0.0007207848281
0.0007532970342
0.0007969147549
0.0008410731883
0.0008898274865
0.0009424053843
0.0009823291376
0.00102595277
0.001072196207
0.001120333114
0.001145064066
0.001144025178
0.001130485104
0.001109320486
0.001064268039
0.001004285824
0.0009449183483
0.0009668383838
0.001053839971
0.001231028813
