364.2080382
250.7073261
204.0952722
176.3287732
157.1785152
143.2325548
132.2919544
123.9614044
117.1166257
111.0484194
106.0311514
97.73988083
94.34990882
88.05240636
82.66169851
78.07303492
72.30931615
69.08160879
63.82746457
60.50467667
57.08490282
54.03213044
51.48663775
49.10787857
46.98405088
45.2051736
43.42850943
41.64910839
39.96533387
38.60298618
36.24085273
33.91671413
31.10587157
28.3668703
25.29782969
22.81852961
20.75451622
19.40311157
18.26561836
17.48196436
17.00629135
15.92662298
14.22654359
13.0969433
12.8539585
12.68577229
11.68474293
11.20418723
10.81280922
9.9441469
9.56806697
8.81238517
8.208952587
7.76314328
7.182675422
6.591192111
6.135821167
5.722281979
5.232760947
4.977025583
4.688450559
4.480167291
4.276497292
4.089965399
3.936988059
3.767108762
3.556380929
3.435609589
3.217005047
2.951498325
2.736817722
2.601201762
2.488912754
2.309511895
2.143057684
2.001286444
1.893705246
1.772752239
1.641303175
1.625696114
1.573117627
1.441532595
1.291853385
1.256717663
1.280680906
1.288390762
1.261767632
1.343498371
1.615472222
1.858373137
