359.897577
248.2831395
201.0427879
173.4004641
154.7303739
141.0402693
130.4502809
121.9440285
114.9176726
108.986946
103.8941416
95.55166977
92.07501199
86.13606792
81.22575845
77.07828046
71.91180761
69.0015373
64.11974845
61.08122907
57.64205024
54.07909728
51.1197534
48.6115482
45.66694642
43.2174958
40.86730432
38.65194216
36.40084827
34.52319356
32.66166897
30.87260362
29.18881717
27.62608532
26.18883961
24.87451329
23.58926982
22.40368862
21.28837324
20.22981244
19.2646108
18.37205903
17.52666647
16.74130814
16.02127936
15.35133923
14.73070247
14.15853855
13.62942018
13.14413774
12.69940212
12.29312335
11.92557064
11.5897597
11.28732512
11.01525322
10.77172919
10.55609585
10.366471
10.20121001
10.05953066
9.940240115
9.842376979
9.765400644
9.708573279
9.67141471
9.653640628
9.655122644
9.675872286
9.716030456
9.775978528
9.856134229
9.95714532
10.0798737
10.22513144
10.39404065
10.58777746
10.80764834
11.05523429
11.33196668
11.63963343
11.98000824
12.35497342
12.76656795
13.21696522
13.70828667
14.24300718
14.82353325
15.45237919
16.13234568
